3
10
15
19
25
30
53
66
70
83
89
129
133
140
142
143
148
154
164
170
179
181
190
197
208
226
231
278
298
329
334
343
344
346
355
357
389
396
399
418
439
445
452
466
483
507
518
529
544
546
557
558
574
575
578
582
594
611
619
625
627
635
643
652
656
660
673
679
692
699
701
702
718
719
726
776
785
786
807
828
829
843
848
851
858
878
882
897
900
901
905
964
971
978
979
992
994
998
1001
1008
1025
1040
1045
1052
1055
1068
1069
1074
1075
1086
1090
1097
1110
1113
1122
1131
1154
1157
1170
1182
1190
1218
1222
1226
1227
1236
1240
1268
1273
1281
1294
1323
1326
1328
1343
1345
1359
1360
1363
1379
1400
1402
1409
1418
1428
1437
1449
1459
1472
1477
1486
1497
1538
1557
1565
1590
1620
1622
1673
1699
1706
1713
1716
1731
1758
1759
1769
1804
1808
1824
1840
1846
1882
1884
1890
1896
1900
1924
1941
1967
1970
1972
1978
1979
1980
2008
2009
2022
2038
2045
2063
2077
2082
2114
2124
2134
2144
2150
2153
2167
2168
2169
2171
2183
2189
2216
2220
2222
2232
2235
2240
2243
2245
2247
2260
2267
2275
2278
2285
2291
2293
2297
2310
2316
2320
2329
2330
2334
2341
2343
2390
2401
2414
2423
2424
2437
2441
2454
2460
2480
2491
2496
2509
2529
2563
2571
2574
2592
2599
2606
2628
2664
2669
2670
2694
2708
2720
2736
2750
2762
2766
2768
2781
2783
2787
2812
2815
2833
2851
2880
2894
2901
2914
2926
2929
2944
2951
2953
2955
2972
2987
3024
3040
3048
3055
3061
3082
3097
3099
3115
3116
3131
3134
3154
3158
3160
3163
3173
3191
3225
3246
3253
3269
3271
3298
3310
3322
3344
3359
3378
3389
3391
3393
3405
3435
3447
3458
3461
3469
3479
3491
3505
3510
3545
3554
3562
3573
3575
3602
3605
3608
3649
3653
3680
3691
3692
3713
3727
3734
3758
3767
3780
3803
3810
3834
3848
3879
3887
3907
3922
3923
3926
3933
3935
3939
3945
3951
3966
3971
3984
3998
4004
4016
4023
4028
4030
4040
4048
4064
4065
4072
4124
4130
4143
4150
4159
4160
4163
4166
4173
4202
4211
4238
4256
4275
4279
4287
4316
4320
4340
4347
4377
4379
4380
4421
4449
4465
4478
4480
4482
4492
4505
4513
4517
4539
4559
4589
4600
4602
4615
4630
4637
4648
4653
4656
4670
4671
4701
4730
4736
4766
4772
4773
4778
4782
4785
4839
4844
4854
4855
4863
4899
4908
4919
4926
4932
4942
4948
4955
4973
4994
5000
5002
5007
5009
5013
5024
5027
5041
5054
5055
5060
5068
5070
5090
5093
5094
5133
5137
5139
5141
5148
5160
5187
5190
5199
5205
5207
5211
5223
5226
5239
5242
5250
5266
5268
5271
5311
5325
5343
5356
5358
5375
5402
5406
5417
5420
5421
5422
5430
5435
5436
5456
5463
5467
5471
5477
5485
5493
5494
5501
5506
5510
5534
5539
5550
5569
5599
5604
5610
5617
5638
5659
5674
5680
5691
5705
5717
5722
5728
5737
5742
5765
5766
5773
5781
5791
5802
5810
5812
5814
5838
5839
5875
5890
5932
5933
5951
6012
6019
6023
6028
6034
6051
6059
6072
6076
6089
6096
6106
6115
6128
6132
6139
6148
6161
6173
6177
6182
6197
6229
6241
6242
6244
6247
6279
6287
6291
6295
6311
6312
6322
6324
6327
6328
6342
6348
6349
6371
6382
6397
6401
6410
6423
6429
6435
6446
6467
6468
6477
6482
6509
6515
6517
6523
6535
6540
6543
6559
6564
6579
6584
6585
6588
6601
6612
6626
6631
6638
6650
6652
6663
6675
6692
6695
6706
6732
6757
6761
6767
6774
6778
6788
6809
6814
6834
6858
6862
6904
6906
6916
6927
6936
6942
6956
6967
6973
6975
7004
7009
7024
7046
7061
7074
7079
7087
7116
7117
7123
7146
7175
7185
7225
7234
7296
7304
7335
7347
7356
7364
7383
7387
7391
7402
7404
7419
7427
7430
7460
7493
7509
7510
7516
7518
7528
7545
7551
7552
7558
7562
7578
7601
7603
7609
7614
7624
7638
7643
7650
7703
7711
7730
7749
7755
7763
7804
7805
7806
7828
7854
7857
7881
7891
7904
7910
7933
7955
7956
7963
7971
7984
7991
7998
8002
8006
8015
8019
8022
8031
8049
8056
8069
8089
8118
8133
8144
8166
8167
8173
8177
8184
8187
8214
8215
8221
8233
8236
8244
8252
8256
8265
8267
8276
8305
8311
8316
8331
8333
8342
8348
8357
8366
8368
8400
8411
8424
8429
8435
8439
8441
8448
8463
8499
8507
8510
8512
8514
8515
8516
8518
8519
8523
8526
8572
8575
8583
8596
8610
8614
8616
8630
8631
8642
8654
8666
8668
8675
8680
8686
8705
8711
8738
8740
8746
8755
8757
8777
8782
8788
8793
8801
8815
8824
8850
8855
8859
8861
8877
8893
8913
8957
8996
8999
9002
9006
9009
9028
9041
9096
9112
9131
9138
9158
9167
9185
9194
9196
9200
9202
9205
9208
9210
9224
9227
9241
9245
9248
9256
9258
9261
9279
9298
9313
9339
9352
9353
9378
9385
9421
9449
9451
9470
9482
9496
9505
9525
9540
9562
9566
9576
9577
9586
9589
9601
9616
9619
9620
9632
9661
9662
9671
9681
9697
9698
9701
9713
9727
9740
9749
9780
9781
9782
9785
9787
9792
9795
9813
9815
9818
9842
9854
9867
9871
9874
9877
9890
9892
9896
9905
9915
9916
9917
9925
9927
9940
9948
9949
9971
9986
9994
9999
10020
10058
10069
10073
10078
10083
10096
10101
10104
10114
10127
10129
10133
10137
10142
10153
10181
10194
10207
10208
10234
10235
10243
10259
10264
10273
10277
10293
10320
10327
10337
10345
10346
10368
10374
10397
10399
10403
10414
10444
10457
10488
10502
10512
10518
10526
10543
10567
10573
10575
10585
10595
10596
10604
10618
10621
10628
10629
10633
10644
10645
10658
10672
10675
10679
10715
10735
10778
10784
10796
10802
10827
10832
10845
10858
10868
10878
10880
10885
10893
10898
10903
10904
10906
10907
10920
10928
10936
10956
10974
10978
10979
10982
10996
10997
11034
11044
11050
11124
11128
11131
11143
11146
11149
11155
11161
11165
11192
11195
11205
11236
11242
11246
11250
11254
11265
11275
11290
11297
11303
11323
11341
11357
11369
11372
11382
11395
11422
11423
11443
11447
11536
11541
11544
11552
11568
11573
11577
11583
11588
11590
11601
11626
11629
11647
11657
11659
11663
11665
11666
11668
11675
11681
11715
11727
11748
11765
11775
11777
11791
11793
11804
11827
11837
11839
11845
11847
11854
11857
11868
11877
11915
11916
11928
11933
11942
11958
11962
11977
12004
12005
12016
12036
12039
12044
12068
12079
12111
12116
12127
12133
12136
12151
12152
12159
12188
12211
12224
12255
12268
12277
12279
12292
12324
12338
12352
12391
12417
12423
12435
12441
12453
12469
12487
12498
12518
12528
12539
12540
12547
12570
12600
12618
12621
12622
12632
12636
12640
12652
12666
12683
12687
12701
12713
12719
12722
12729
12730
12736
12766
12819
12831
12832
12841
12862
12864
12875
12895
12899
12901
12909
12924
12937
12940
12944
12981
12982
12990
13000
13034
13039
13043
13050
13054
13061
13063
13074
13084
13089
13097
13101
13102
13117
13144
13148
13150
13161
13165
13178
13181
13185
13227
13249
13251
13255
13262
13266
13267
13268
13272
13274
13293
13301
13304
13305
13329
13358
13360
13368
13375
13381
13384
13386
13389
13402
13420
13421
13425
13440
13441
13442
13454
13455
13462
13464
13494
13500
13504
13545
13555
13559
13579
13580
13581
13585
13589
13595
13598
13624
13631
13638
13658
13686
13717
13722
13728
13730
13736
13748
13753
13757
13764
13767
13783
13790
13795
13798
13815
13817
13820
13827
13831
13839
13840
13852
13859
13871
13908
13912
13913
13939
13971
13976
13977
13980
13991
13992
13993
13996
14012
14029
14035
14040
14048
14055
14065
14066
14074
14076
14082
14086
14090
14093
14101
14119
14135
14138
14146
14154
14159
14179
14181
14184
14186
14193
14201
14204
14228
14229
14259
14267
14299
14300
14306
14313
14320
14337
14346
14348
14350
14363
14368
14376
14382
14405
14413
14427
14446
14450
14453
14469
14478
14481
14508
14510
14512
14513
14518
14520
14556
14581
14590
14592
14607
14614
14624
14640
14643
14647
14649
14662
14678
14692
14708
14735
14739
14743
14755
14801
14802
14817
14822
14826
14832
14835
14841
14858
14869
14890
14891
14899
14907
14968
14969
14987
14999
15000
15005
15009
15015
15018
15021
15025
15036
15039
15041
15046
15061
15083
15089
15099
15101
15105
15120
15151
15162
15176
15178
15184
15185
15190
15213
15219
15227
15233
15263
15298
15307
15310
15339
15362
15365
15379
15384
15391
15398
15417
15423
15426
15441
15448
15449
15453
15454
15475
15476
15495
15499
15503
15524
15528
15560
15584
15585
15595
15610
15612
15651
15674
15681
15689
15690
15725
15749
15770
15785
15791
15806
15807
15808
15815
15825
15833
15840
15847
15874
15917
15926
15928
15937
15942
15956
15964
15996
15999
16000
16009
16021
16028
16030
16037
16040
16052
16060
16066
16068
16076
16082
16103
16120
16134
16153
16158
16162
16165
16174
16175
16185
16224
16240
16252
16254
16255
16261
16278
7
17
71
80
92
100
175
201
213
236
260
272
287
310
314
366
376
411
495
502
545
553
555
603
607
638
642
654
669
683
698
709
747
748
749
754
797
810
868
906
914
941
945
977
984
990
1016
1020
1027
1112
1158
1161
1211
1233
1249
1254
1260
1311
1336
1340
1341
1354
1357
1375
1380
1384
1439
1467
1506
1517
1531
1534
1536
1551
1559
1576
1592
1594
1613
1705
1739
1755
1757
1814
1848
1874
1889
1904
1915
1916
1921
1960
1981
1985
1987
2015
2030
2036
2040
2044
2047
2071
2089
2121
2129
2148
2165
2195
2233
2280
2302
2315
2324
2336
2353
2366
2395
2404
2429
2469
2513
2517
2521
2530
2534
2541
2543
2552
2594
2615
2625
2641
2652
2653
2662
2682
2690
2695
2701
2702
2717
2724
2738
2744
2747
2779
2840
2875
2883
2885
2930
3017
3077
3078
3093
3112
3141
3171
3224
3230
3239
3242
3247
3300
3313
3319
3340
3346
3390
3440
3451
3462
3473
3477
3518
3572
3577
3583
3587
3592
3619
3645
3661
3693
3718
3754
3774
3824
3827
3832
3851
3860
3878
3889
3897
3974
3991
3993
4012
4022
4024
4029
4056
4078
4085
4090
4098
4104
4177
4188
4192
4201
4205
4225
4239
4249
4285
4292
4315
4318
4329
4342
4350
4358
4385
4430
4439
4462
4489
4593
4610
4679
4698
4709
4713
4714
4740
4746
4779
4792
4800
4814
4820
4829
4841
4848
4856
4857
4859
4881
4892
4958
4968
4980
4988
4999
5016
5057
5095
5118
5130
5132
5142
5154
5185
5189
5191
5201
5213
5217
5230
5240
5264
5279
5297
5307
5377
5392
5411
5423
5432
5441
5495
5498
5523
5542
5588
5589
5595
5637
5654
5669
5702
5715
5719
5744
5818
5819
5831
5832
5855
5861
5870
5874
5892
5906
5918
5940
5958
5961
5968
5975
6014
6036
6045
6046
6057
6070
6079
6082
6143
6144
6155
6164
6166
6205
6248
6271
6278
6344
6351
6358
6359
6361
6372
6393
6396
6462
6478
6479
6481
6492
6502
6513
6516
6530
6532
6552
6610
6621
6696
6781
6794
6799
6864
6903
6909
6917
6960
6964
6985
7017
7029
7047
7048
7073
7081
7090
7091
7115
7157
7168
7169
7222
7226
7239
7255
7261
7268
7301
7323
7332
7342
7362
7373
7424
7425
7426
7468
7483
7504
7520
7523
7530
7533
7555
7567
7576
7591
7605
7606
7615
7616
7632
7636
7646
7652
7655
7682
7722
7723
7725
7741
7746
7790
7796
7803
7819
7875
7901
7903
7911
7921
7928
7962
7964
7972
7992
8030
8051
8073
8096
8139
8182
8201
8237
8254
8269
8299
8319
8327
8353
8354
8369
8376
8394
8395
8399
8427
8428
8459
8488
8520
8532
8538
8573
8591
8617
8660
8663
8692
8742
8776
8811
8844
8867
8868
8871
8908
8940
8941
8950
8960
8970
9023
9034
9038
9043
9148
9151
9182
9186
9190
9192
9267
9297
9317
9320
9330
9345
9383
9396
9402
9450
9452
9455
9462
9477
9504
9519
9542
9570
9572
9600
9626
9627
9651
9659
9666
9676
9700
9714
9721
9728
9736
9751
9791
9802
9804
9902
9903
9906
9909
10034
10038
10047
10049
10111
10118
10132
10138
10152
10171
10175
10185
10206
10227
10244
10253
10282
10288
10379
10383
10387
10419
10449
10453
10456
10470
10478
10528
10538
10552
10593
10601
10625
10638
10677
10703
10707
10714
10716
10822
10825
10840
10861
10873
10891
10932
10943
10963
10994
10995
11000
11008
11010
11051
11056
11060
11078
11088
11089
11097
11115
11147
11153
11178
11185
11193
11196
11200
11217
11223
11237
11255
11267
11304
11312
11335
11353
11377
11405
11441
11444
11477
11511
11517
11545
11580
11634
11661
11685
11695
11703
11746
11769
11818
11876
11888
11924
11935
11937
11971
11991
11992
12009
12025
12065
12075
12103
12117
12121
12124
12149
12172
12215
12221
12239
12247
12261
12267
12270
12271
12282
12284
12299
12302
12325
12341
12358
12372
12383
12401
12416
12440
12450
12456
12458
12460
12463
12465
12492
12502
12505
12508
12520
12532
12534
12608
12642
12695
12703
12735
12739
12745
12754
12759
12760
12817
12843
12897
12923
12947
12985
12988
13005
13023
13069
13108
13109
13113
13116
13119
13157
13175
13176
13184
13204
13250
13269
13276
13283
13284
13310
13517
13523
13543
13554
13560
13611
13612
13619
13635
13663
13670
13680
13687
13691
13700
13703
13772
13775
13784
13822
13845
13868
13888
13899
13917
13920
13927
13937
13946
13963
13968
13989
14010
14056
14058
14068
14099
14108
14116
14120
14128
14192
14210
14223
14250
14278
14305
14309
14321
14323
14324
14345
14374
14375
14411
14416
14444
14515
14536
14540
14562
14568
14591
14630
14636
14660
14693
14712
14715
14717
14720
14736
14749
14771
14800
14828
14854
14864
14950
14953
15042
15051
15076
15082
15090
15103
15121
15143
15156
15160
15208
15238
15250
15267
15268
15278
15288
15289
15314
15338
15348
15464
15480
15481
15510
15522
15532
15548
15558
15559
15566
15579
15582
15587
15588
15590
15594
15596
15618
15647
15692
15708
15719
15728
15742
15769
15771
15789
15792
15795
15813
15951
15969
15997
16075
16078
16142
16154
16172
16181
16244
