0 177
620 49
1249 237
1889 71
2535 113
3171 163
3850 43
4515 43
5213 40
5956 17
6767 53
7672 8
8691 369
9777 20
10827 18
11886 5
13137 14
14221 83
15683 6
10357 39 5
6333 48 6
9113 48 7
9734 48 7
11657 32 5
10067 48 8
13769 39 8
1888 48 9
4158 48 10
4117 39 9
4133 39 12
6009 38 5
5987 48 9
6572 488 7
5957 48 15
6718 65 5
7191 32 5
7109 41 12
8477 32 6
8029 1991 10
7534 32 6
8919 39 24
1137 48 20
5807 3529 5
8003 32 7
10527 488 5
9395 48 25
8241 41 9
9649 48 17
10228 2115 5
7912 38 8
14171 179 6
3045 38 6
6107 32 8
4249 48 33
5171 1435 5
656 48 34
2531 89 5
1827 6602 8
1881 4141 15
3526 41 9
1722 48 34
1220 1219 5
1119 45 5
957 1986 6
676 41 14
9859 89 8
5243 225 5
5144 89 5
5378 39 35
882 101 6
4129 38 5
5304 259 6
5143 32 17
5973 48 40
131 41 13
10629 38 10
410 6520 6
2140 8074 5
1028 179 5
13074 237 5
4001 225 6
3875 170 5
4540 32 20
7262 533 6
10967 65 8
8074 270 5
12842 5358 6
6358 38 13
1156 398 5
1665 65 9
1336 170 5
1470 32 12
3783 930 6
2094 65 5
12858 32 22
5778 48 52
5172 1004 5
86 1198 5
2926 4524 7
1423 48 51
754 38 12
508 79 6
70 249 5
1468 89 5
4435 2771 5
7429 36 6
5150 413 7
1826 677 5
3320 9 9
10125 32 27
980 589 7
1320 41 19
280 865 6
2271 418 9
1846 147 5
5408 185 10
9010 89 6
5603 264 5
3533 310 5
2851 11 9
879 16010 5
2593 65 13
1191 176 6
1371 1327 6
1795 38 22
3596 48 71
838 1538 6
714 1537 9
1455 4546 6
2837 475 9
3136 110 5
1053 208 6
6343 79 7
435 2199 5
4911 615 8
6508 772 5
833 41 34
2786 533 8
2674 2329 5
26 237 7
919 549 6
729 60 6
1094 170 8
637 255 5
4278 49 5
2760 1143 8
6 3840 5
699 698 7
1613 89 10
15033 338 5
899 1578 5
1054 31 16
2299 249 5
4546 32 40
1368 1486 5
3420 270 5
4340 45 6
1130 225 7
2820 812 6
12491 2842 7
444 310 10
1178 1043 5
1736 1629 6
4113 39 98
368 424 5
4859 101 16
13556 878 5
2861 956 10
621 1046 5
207 170 5
966 2215 9
973 3012 6
5651 32 37
573 49 8
3467 110 5
3202 589 9
1642 8978 7
10493 1897 5
5108 413 7
22 2633 9
243 237 9
566 757 6
2469 225 6
2351 32 55
3412 727 6
2537 79 9
1342 9 7
1161 675 12
8730 789 7
10611 812 5
1459 878 6
4201 62 5
583 49 5
2599 147 6
171 812 6
2113 12929 5
406 264 9
2706 41 33
10074 13041 7
3221 1489 10
282 2375 5
4630 32 53
1085 79 5
1476 249 17
392 110 6
1784 408 5
2528 14098 31
1594 772 6
69 272 5
767 2241 6
2815 2212 5
1804 703 5
2406 65 23
10568 170 8
167 60 10
2225 175 5
489 475 5
550 340 6
587 1135 5
344 2775 5
308 544 7
1629 1435 5
1938 1027 5
1903 271 6
12473 2775 5
10605 23 9
1232 9 8
805 1417 11
128 13443 5
1294 10442 8
764 271 11
1280 39 169
2965 319 7
82 623 5
2388 1393 6
938 885 7
2164 12925 15
543 2383 12
2440 793 9
1281 41 41
2375 432 5
2749 535 6
12981 806 7
397 956 13
1333 201 5
204 766 8
622 2238 7
2075 110 12
1209 1638 8
652 812 7
2215 10491 6
164 45 17
96 379 7
643 270 9
10525 604 6
2633 407 7
12933 675 7
2065 910 5
424 2399 12
640 571 5
734 49 9
2991 956 6
1619 772 13
390 855 5
3502 4698 6
1257 571 6
12935 60 9
2492 39 217
1052 910 5
4698 475 13
14099 798 6
248 12929 14
1557 2437 5
10653 604 8
2241 1986 11
1000 264 8
2343 413 14
830 237 18
1062 62 8
352 258 11
490 475 21
281 259 6
2135 89 33
136 208 8
10444 824 9
418 812 5
808 170 16
856 766 5
1714 38 99
571 549 8
4883 449 9
297 271 10
56 16010 7
62 13041 7
1043 677 7
1872 249 7
1067 3270 15
150 301 18
675 101 25
15618 649 10
279 340 8
105 147 17
379 533 14
464 413 60
488 15832 12
107 49 20
703 170 31
544 413 38
45 16010 7
179 438 45
548 32 280
12925 101 55
6117 48 39 6
4408 16010 39 5
6426 48 39 11
4018 41 39 6
11580 41 39 7
3103 16217 48 6
6319 48 39 7
12757 38 39 6
14997 48 39 8
4894 32 48 5
5007 38 39 5
5926 3914 1203 7
8057 2329 2437 5
8405 41 48 5
8671 41 39 8
4059 41 48 10
2772 38 39 5
3836 4849 48 5
1413 5925 39 5
7766 2164 1986 7
1836 4193 2524 8
11051 1600 956 6
5774 1659 39 5
3513 310 32 7
1933 4959 4037 5
7497 41 39 6
4541 2876 39 6
3460 41 48 5
3993 2843 32 12
15497 2184 39 5
1869 2797 39 7
11523 432 48 5
6089 108 259 5
5171 32 39 5
5914 32 39 8
9076 768 39 5
3489 37 38 11
15258 425 39 5
5175 871 39 6
2943 38 39 8
2209 36 48 6
5138 4595 101 10
523 1653 270 5
4025 255 39 5
2196 2480 39 5
6273 41 39 7
6364 1043 32 6
957 65 39 5
4819 48 39 22
3614 48 39 29
9032 41 38 7
3133 3690 39 15
540 38 39 8
6161 3102 48 6
1959 32 39 6
1229 170 38 5
3778 32 39 10
4854 1865 38 5
1761 1764 571 5
2604 32 48 6
752 38 48 11
6517 5472 41 5
5156 899 2519 5
3529 3445 438 5
10753 89 48 6
5505 11718 1052 5
5062 65 48 5
3369 3724 549 7
512 1814 39 5
4382 78 48 6
2023 413 48 8
3007 621 48 6
2251 41 48 9
5666 237 48 10
3062 829 2115 5
2608 36 38 5
11060 32 38 5
5884 41 48 8
940 310 48 5
13008 55 38 5
7062 1971 64 5
2697 2117 48 6
6581 65 39 5
10635 41 39 10
3046 1107 1043 22
1515 5358 39 5
5350 555 48 5
1880 1591 38 9
298 10598 39 5
367 368 38 5
9569 38 48 6
5686 41 38 6
6276 1012 48 7
2687 41 32 7
7396 38 48 17
4285 576 76 6
2540 592 39 7
452 38 48 8
1251 789 39 6
4060 101 39 5
680 2039 48 6
6317 170 38 5
797 7988 1385 11
335 1048 1001 6
3678 10515 48 7
2733 1415 48 5
1468 41 39 14
741 475 39 8
7540 3877 32 14
2910 48 39 27
481 4731 399 5
4655 438 39 6
2649 237 48 10
2380 1543 39 6
1073 4209 10446 11
857 147 48 7
526 225 39 7
687 1417 1600 5
4588 41 39 17
1847 1146 32 5
10681 1855 48 6
10606 279 123 6
226 2907 488 5
859 896 48 5
2931 2186 589 6
10540 170 48 7
3923 49 48 7
728 549 101 6
4146 41 38 9
2430 38 39 17
1083 1379 39 7
554 1249 11 5
719 1473 310 6
10804 1395 150 5
4973 623 48 12
832 170 39 5
5080 270 48 5
2281 6082 48 5
401 2988 39 5
799 1003 39 6
720 2363 1012 5
4764 237 39 5
2982 225 39 8
1297 89 32 7
1455 19 39 5
815 41 48 12
4557 1842 39 7
3136 622 48 8
3499 65 38 5
2033 338 48 7
1855 89 39 9
435 201 48 8
3174 1578 475 5
762 89 39 7
348 170 39 6
266 286 38 6
1971 677 32 7
2559 604 48 6
61 740 604 9
2818 225 48 9
4141 255 48 11
4731 1378 1121 5
1311 475 48 6
691 1987 48 6
2598 248 48 6
905 255 32 5
4057 36 39 7
1124 65 39 7
3573 48 39 55
1165 4357 623 6
2569 41 48 25
1536 255 48 7
458 824 48 5
699 696 32 30
3345 36 38 6
102 249 48 7
696 165 684 7
5771 32 39 15
6266 809 48 9
2069 829 1585 9
1670 379 39 6
2624 2238 48 5
3903 9 39 5
3171 612 123 9
991 185 32 11
4886 110 39 14
4340 2792 39 6
10441 264 39 5
4548 5248 48 5
5339 3055 166 8
11560 310 39 11
1612 170 48 7
3271 89 39 6
7646 170 38 11
236 2746 65 8
0 107 48 5
2493 228 39 10
4143 201 48 30
10128 2184 48 6
4859 1435 301 5
289 38 48 10
13556 110 38 5
1640 37 39 5
1972 258 89 6
698 167 164 24
4357 237 39 6
4386 235 48 5
15798 14933 16010 5
4127 10939 1991 9
2793 237 39 5
1598 225 41 8
1315 549 39 9
3467 147 271 9
1390 150 39 5
1433 589 41 7
1697 170 38 7
10493 4336 301 6
5108 16010 48 7
2239 14098 39 5
1821 36 48 5
1063 279 101 6
1773 987 1000 7
2469 237 39 8
713 2383 48 5
1380 1378 60 8
2097 1104 697 14
382 89 41 7
2554 32 38 11
1016 2238 39 6
4891 201 39 5
3055 165 39 28
2413 76 48 6
5782 475 39 7
442 11 48 7
2011 1966 2437 5
402 117 32 5
3966 32 39 34
1744 16010 48 5
529 229 38 12
171 1677 39 5
1345 156 39 7
2113 36 38 9
3724 66 48 5
1527 215 48 5
1815 41 39 40
2746 179 301 5
447 488 39 7
3221 2505 48 8
1072 413 48 9
2990 237 39 6
399 1655 39 8
887 1146 39 7
565 581 258 5
1476 271 39 6
200 117 39 6
926 9 48 12
3311 2284 39 11
2528 831 48 5
708 916 39 7
1378 36 39 6
3321 41 48 29
1104 237 32 5
767 89 32 8
2177 110 38 5
597 310 48 9
1819 110 48 7
2406 806 1146 5
1372 3270 48 6
5728 310 225 10
2843 110 39 6
1163 715 39 5
1966 9 39 5
4307 533 39 5
612 1281 123 6
550 271 39 13
1013 60 48 7
749 94 48 7
4344 41 38 15
3151 12951 101 6
308 2241 39 7
3012 533 89 16
2763 533 48 6
1938 916 38 10
1010 4336 48 10
8867 615 1000 5
12473 589 48 8
4685 161 48 13
2053 301 39 7
5248 38 48 32
615 1000 916 6
3315 41 48 48
128 10491 48 5
684 1196 1986 5
4070 10490 41 6
3279 23 39 6
2596 242 39 7
1280 89 48 6
234 2238 39 8
10551 405 89 6
718 235 39 7
4899 1714 39 6
1282 407 48 6
938 549 101 7
168 16217 48 6
2464 89 39 10
543 297 544 5
682 166 60 5
2440 123 38 7
504 60 38 5
1489 438 38 7
1939 675 48 5
927 3510 32 5
989 345 39 5
4207 270 48 6
278 147 48 5
235 396 39 5
2792 270 39 5
1655 89 41 7
204 229 39 5
262 338 48 5
342 420 48 5
433 1198 201 5
1209 1481 170 5
3964 270 48 12
1196 1986 533 12
203 110 48 12
751 32 38 19
3827 9501 39 5
2091 170 38 8
346 1585 39 5
195 32 38 5
10525 310 65 5
1638 32 39 31
10442 2383 39 10
3904 48 39 179
993 161 48 10
497 237 48 8
2254 604 41 5
829 533 48 8
640 208 39 6
232 2329 39 5
7205 37 39 6
817 259 549 5
8691 89 48 6
2552 32 39 42
2187 677 48 6
390 179 48 5
1082 549 48 6
715 571 48 6
727 60 48 5
1003 649 48 12
840 3616 38 5
1313 1872 39 5
13443 1677 39 5
1361 237 48 12
176 1814 41 5
1103 2673 48 6
1481 12946 48 6
14099 413 48 9
2673 76 48 6
415 604 39 8
8985 179 48 6
12943 2343 12925 5
10653 270 38 7
2056 237 39 16
2241 79 38 5
1513 19 39 7
1486 1327 38 7
2343 251 39 6
514 426 2437 5
830 438 48 7
2987 479 65 7
1062 824 48 11
319 1393 48 5
13189 10515 39 6
47 549 38 5
1404 1327 48 10
1704 10 39 5
831 2238 48 13
2135 1239 39 5
80 2080 65 7
432 623 48 5
1867 279 39 10
1479 548 48 8
178 103 225 7
14933 479 39 5
2080 824 39 6
808 878 48 6
2329 681 48 6
793 11 604 6
2168 522 32 9
798 249 41 7
426 592 32 6
53 161 48 7
571 664 39 5
94 806 39 7
910 16217 39 6
261 413 237 5
1693 201 39 12
623 301 41 5
704 338 41 9
56 270 225 5
30 2046 38 5
961 89 41 6
916 379 39 10
2 3270 48 6
1239 604 48 17
878 31 39 5
1872 549 310 10
885 14098 39 26
374 37 39 7
4336 405 10515 7
947 812 48 8
150 301 65 5
1144 201 249 5
1783 60 48 10
425 101 32 9
441 225 48 16
15618 677 41 8
251 1327 41 5
865 105 48 11
340 449 48 5
789 41 38 46
105 449 38 7
1198 396 39 6
1135 41 32 59
396 225 32 13
259 271 48 14
260 1344 48 7
464 812 32 8
55 549 38 5
11 117 48 14
535 1004 38 6
806 37 39 12
664 1327 38 10
1344 48 39 314
107 225 48 24
371 179 32 6
766 123 38 5
103 229 39 8
976 41 48 122
156 19 39 9
549 185 413 7
649 9 48 33
76 101 32 11
10515 592 39 15
2958 475 39 28
956 413 38 8
479 41 39 154
175 589 39 10
258 533 38 5
19 237 65 5
13041 270 41 13
1004 16010 32 10
589 38 39 124
548 413 41 6
1393 413 48 26
301 185 39 22
592 60 39 19
123 237 39 33
1146 310 48 85
79 2238 36 5
1327 65 41 34
237 89 48 174
5301 41 48 39 6
6302 1378 1080 309 5
7766 2792 809 533 6
2387 76 48 39 6
9683 41 48 39 6
7657 32 48 39 7
4149 32 48 39 7
5352 529 225 38 5
4826 3528 249 48 5
5138 2069 2115 1585 9
523 2523 533 39 7
5740 15832 48 39 5
3528 4824 3529 48 11
2732 41 48 39 11
5273 38 48 39 9
10798 3346 123 475 7
9906 399 60 413 8
191 41 48 39 7
3000 828 48 39 17
5720 2238 438 225 6
3875 41 32 48 5
5490 2168 41 39 13
5038 4994 48 39 11
3260 38 48 39 11
744 1914 41 48 7
1665 32 48 39 9
1880 41 38 39 11
1494 32 38 48 5
2875 41 48 39 13
5593 41 32 39 6
4739 795 2164 334 7
3208 4143 101 48 7
4740 270 41 48 5
796 805 649 39 6
4536 65 48 39 5
3623 695 41 48 6
6173 795 1819 32 9
3330 2760 1896 413 5
4655 3321 48 39 15
594 41 48 39 15
3659 123 438 39 6
4661 185 48 39 6
1385 38 48 39 5
685 1165 3345 32 6
2931 155 272 39 5
3719 610 1052 772 5
6120 225 48 39 10
15659 16010 48 39 7
10804 587 1479 237 8
967 533 32 48 5
4000 772 31 39 5
2393 2830 49 123 5
1853 1327 48 39 5
2431 41 48 39 16
815 351 89 48 8
3926 4357 1281 185 5
2966 89 48 39 9
2034 604 48 39 5
348 101 41 48 5
1971 282 2383 39 8
61 757 1489 1986 11
4832 32 48 39 11
4731 399 413 39 11
729 1165 549 12925 5
357 4360 23 48 5
4556 38 48 39 12
1165 3345 8867 185 5
1165 185 270 310 5
3336 938 48 39 5
3345 1010 12943 12925 5
14804 170 32 39 5
6266 89 48 39 7
1670 267 1578 89 6
192 38 48 39 24
991 2343 1004 48 7
2084 4360 837 865 8
1354 842 32 48 9
2876 910 48 39 6
364 41 38 48 7
236 2746 12929 237 10
1290 41 48 39 32
4143 623 32 48 5
3240 310 48 39 5
228 2238 271 48 6
4744 3021 165 48 6
4360 684 878 39 5
2669 1591 32 39 6
966 1082 878 1600 8
763 41 32 48 6
1115 310 225 48 6
731 10939 48 39 6
1697 824 48 39 6
3896 79 48 39 7
2263 41 38 39 14
211 38 48 39 17
1380 308 1379 549 6
1771 89 32 39 5
1060 310 32 39 7
1387 264 48 39 7
68 270 48 39 6
10939 12929 65 48 8
2011 549 548 48 10
1593 1930 1585 865 5
3006 65 32 39 5
1818 795 1819 475 5
3774 12929 48 39 6
222 1269 2168 2046 8
1012 830 150 48 7
851 798 48 39 14
282 1183 38 39 6
399 1004 48 39 6
4170 547 2238 48 5
392 1052 2437 301 6
3311 2 38 39 5
1378 308 1379 548 6
1378 2046 41 32 5
1160 147 48 39 5
2177 38 48 39 9
1819 2167 3964 41 5
3102 9 48 39 7
5728 1146 48 39 15
167 682 101 39 11
3451 15832 41 48 5
489 310 48 39 5
757 1489 1196 78 6
1013 89 48 39 21
344 229 48 39 5
308 1269 32 38 5
3012 533 89 38 7
1938 271 48 39 9
8867 89 48 39 9
95 186 48 39 9
165 166 1435 592 7
3315 522 41 39 5
684 166 740 39 5
1269 1080 309 36 11
764 237 38 48 11
1379 1344 41 39 6
82 464 65 48 5
5405 225 41 39 6
168 31 41 48 6
5074 32 38 48 13
1842 1043 38 48 6
1281 2399 78 48 5
166 2792 740 533 5
927 14098 41 48 7
213 1361 272 32 5
309 56 48 39 5
1655 413 48 39 7
622 310 48 39 5
75 38 48 39 32
652 2284 41 39 5
2215 12935 48 39 7
2091 1513 48 39 8
1081 232 48 39 5
2633 2399 623 310 5
993 730 1000 916 7
610 772 549 48 6
3510 2238 48 39 8
734 1135 48 39 33
2991 178 270 32 7
2552 89 41 48 8
390 270 32 48 5
715 1327 48 39 5
2515 175 237 32 6
341 2051 48 39 5
12951 831 533 48 7
1103 264 48 39 7
14099 13041 41 32 5
415 475 48 39 7
10656 65 32 48 6
1543 41 38 39 30
1513 2383 310 39 5
1121 89 48 39 22
547 549 41 39 6
591 766 438 48 6
319 15832 41 39 16
365 783 41 39 5
1585 310 41 48 6
1659 170 41 38 5
80 976 117 39 5
136 438 38 39 5
10444 89 48 39 26
14933 916 36 48 5
2399 41 48 39 48
2329 1004 89 39 7
793 41 38 39 25
798 147 41 39 5
2284 270 41 39 7
1355 36 41 38 5
94 89 48 39 23
261 41 32 48 26
623 117 41 39 7
208 255 41 39 5
30 237 65 39 5
916 878 170 39 5
1043 14098 48 39 9
878 117 48 39 5
1872 32 38 48 15
374 976 117 48 5
4336 255 38 39 7
846 101 41 39 10
1144 16217 41 48 5
675 225 41 48 7
441 101 38 39 5
10446 664 48 39 5
809 413 48 39 14
340 2238 101 48 5
3616 10515 48 39 7
186 2238 225 39 7
1135 65 41 39 11
379 225 32 48 7
449 36 32 38 7
464 185 41 48 7
681 533 32 39 11
10 79 41 48 7
806 549 38 48 5
664 548 41 39 7
23 76 48 39 9
1435 16010 41 39 7
570 9 48 39 9
703 237 41 48 6
976 36 41 48 6
156 740 48 39 6
